1212517296239005701
1212491550577643521
1212398899236876288
1212376623573549056
1212362659804385280
1212275197501493249
1212522418994057222
1212489019961020422
1212409955707437057
1212373129001091073
1212182478858997767
1212405873202618368
1212352506761793536
1212313283191091200
1212199033961373696
1212184984288710662
1212523353904422912
1212522823564038144
1212522641514364928
1212522379202695168
1212521738011127808
1212521157594898432
1212520801012011014
1212519545329639424
1212519340739837952
1212519011059191808